150
150
150
150
150
150
150
150
150
150
150
150
150
149
151
149
151
152
153
153
153
154
153
153
153
154
154
154
153
154
155
153
154
156
154
154
154
154
154
153
155
152
152
155
151
155
156
157
150
155
156
157
158
158
159
159
159
159
159
159
160
159
160
150
160
160
161
161
160
149
158
160
160
159
158
157
160
161
161
162
163
163
161
163
164
163
165
166
164
161
162
167
168
169
170
171
163
170
163
172
171
171
164
173
174
171
175
163
171
172
163
176
162
173
171
177
174
162
162
174
174
161
161
174
175
161
160
160
175
161
161
162
159
163
161
175
161
176
176
177
164
176
176
177
176
178
176
176
177
176
176
177
178
175
175
174
179
173
180
180
180
172
171
180
170
180
180
181
180
180
180
169
169
180
180
180
168
169
169
180
180
168
169
169
180
180
181
169
169
180
180
180
169
180
169
169
180
169
180
169
180
180
180
180
180
180
169
169
180
169
