99
98
97
96
95
94
93
92
91
90
89
88
87
88
87
87
86
86
86
85
84
84
83
82
81
81
80
79
80
78
81
78
77
81
76
75
74
73
72
73
74
78
73
72
73
71
71
71
73
70
70
70
70
69
69
68
67
66
65
64
64
63
63
72
62
61
62
63
60
73
63
59
58
58
58
63
57
57
56
56
56
55
55
54
55
53
55
55
53
54
53
55
55
55
55
55
52
54
51
55
54
53
51
55
55
52
55
50
51
51
49
55
49
51
50
55
51
50
48
52
50
48
47
49
52
46
47
46
49
45
44
45
47
45
43
48
42
48
47
48
45
46
45
45
44
45
43
42
43
41
40
40
40
42
40
40
40
40
40
39
38
40
40
37
40
36
35
35
34
33
32
40
39
31
30
29
40
38
37
28
27
37
36
35
26
25
25
34
33
24
23
22
32
21
31
30
20
29
19
28
18
17
16
15
14
13
27
26
12
25
