150
150
150
150
150
150
150
150
150
150
150
151
151
152
152
153
151
152
151
152
153
152
154
153
153
151
153
152
151
152
152
152
153
153
153
154
152
155
152
152
155
153
151
156
153
152
152
152
152
151
157
150
150
150
151
151
152
152
158
153
151
152
154
155
154
150
152
152
153
152
156
151
152
152
152
152
157
152
158
152
152
152
152
151
152
153
151
150
152
149
148
148
152
152
152
152
147
152
153
154
147
146
152
159
154
152
146
152
155
152
152
152
152
152
152
152
156
153
152
151
152
152
153
152
152
151
153
151
150
150
153
149
150
153
148
154
150
150
148
150
150
150
155
151
156
151
150
147
157
158
159
156
159
160
146
160
161
161
161
162
162
150
149
150
150
163
150
161
150
151
150
151
149
151
152
152
152
152
164
153
152
165
151
152
165
152
153
151
152
154
153
153
151
153
155
153
156
153
154
153
166
153
152
152
152
151
147
153
153
153
153
152
151
151
151
154
150
149
155
148
147
156
146
166
157
145
158
155
144
143
159
158
160
161
142
141
140
139
138
162
163
167
164
137
165
136
165
135
166
167
168
168
134
133
132
169
131
170
130
171
172
129
173
128
127
174
126
175
176
125
177
124
178
179
179
179
123
179
122
179
179
121
179
179
120
179
119
179
179
118
117
116
179
179
115
179
114
179
179
178
179
179
179
113
112
111
110
179
109
108
179
179
179
107
106
105
105
104
104
103
102
179
101
179
179
179
100
99
179
179
179
179
98
97
96
95
179
179
94
178
178
179
93
92
91
90
179
89
88
179
179
88
87
179
179
86
179
85
84
83
82
81
80
79
78
77
76
75
74
73
179
180
181
182
183
184
185
72
186
71
70
187
188
69
189
68
70
67
190
190
190
190
66
65
190
191
190
191
190
64
63
64
62
190
63
61
190
60
59
190
190
190
58
190
57
190
190
56
55
54
190
190
53
52
190
190
191
51
190
50
50
49
49
190
190
190
191
191
48
190
190
190
190
191
191
191
49
190
190
48
47
47
46
45
46
190
45
190
44
190
190
43
42
190
42
43
44
44
190
42
41
40
190
190
190
43
190
40
191
190
39
41
190
191
39
192
41
38
38
37
192
42
193
36
194
35
34
195
33
32
31
196
30
29
197
198
28
199
27
200
