99
98
97
96
95
94
93
92
91
90
89
89
88
88
87
87
87
86
86
85
86
84
86
84
83
84
82
82
82
81
80
79
81
79
78
81
78
81
77
76
80
76
76
81
75
75
74
73
72
72
81
72
71
70
70
69
69
68
81
69
68
67
69
69
68
69
66
65
66
64
69
65
63
62
61
60
69
59
69
58
57
56
55
60
54
60
54
54
53
54
54
53
52
51
50
49
53
48
48
48
52
52
47
69
47
46
51
45
47
44
43
42
41
40
39
38
47
40
37
38
36
35
36
34
33
36
41
33
33
32
33
32
31
32
32
33
30
29
31
28
27
26
33
29
33
26
25
31
33
33
33
46
32
32
31
33
32
33
34
32
31
24
24
23
22
32
21
35
20
24
19
19
19
18
18
17
16
15
32
15
14
32
15
13
31
12
12
12
11
12
11
10
11
9
12
8
12
7
8
6
32
5
5
4
3
3
30
3
2
1
0
0
2
1
0
0
0
0
0
0
0
0
0
33
0
0
0
8
0
0
0
1
0
0
0
0
0
0
0
0
0
33
0
0
0
0
1
0
0
0
33
0
0
0
0
0
0
0
0
0
0
0
0
0
0
0
0
0
0
0
0
0
0
0
1
2
0
3
0
4
5
0
6
7
0
8
0
9
10
0
0
0
11
12
0
13
0
14
15
15
16
17
18
0
0
0
0
19
0
0
20
21
22
0
0
0
1
1
0
0
0
23
0
24
25
26
0
0
27
28
29
30
0
0
0
0
31
32
0
32
33
33
0
0
0
0
34
0
0
35
36
1
0
37
38
0
39
0
0
0
0
0
0
0
0
0
0
0
0
0
40
40
40
40
40
40
40
0
40
0
0
40
40
0
40
0
1
0
40
39
38
37
0
0
36
36
35
35
34
0
0
1
0
33
1
0
32
0
0
31
30
29
0
28
0
27
26
0
0
0
25
24
0
0
23
22
37
0
21
0
1
1
2
20
19
18
18
17
2
17
16
15
14
14
13
12
0
12
11
0
2
0
2
2
0
10
0
9
2
13
8
2
2
7
3
1
1
0
6
1
1
1
5
4
3
0
2
0
3
1
1
0
0
0
0
0
3
1
0
0
1
0
0
0
0
0
0
0
0
0
0
0
0
0
0
0
0
0
0
0
