150
150
150
150
150
150
150
150
150
150
150
149
149
148
149
149
149
150
150
150
150
150
150
150
150
149
150
150
150
151
152
153
154
150
154
154
155
155
154
155
154
154
155
156
156
156
156
156
157
157
156
158
157
157
157
156
156
157
155
157
149
157
157
158
156
159
156
157
156
154
148
155
155
154
154
153
153
153
152
155
152
157
155
152
160
151
151
150
151
149
156
160
148
147
150
146
150
161
146
149
150
149
145
149
152
162
144
144
146
149
145
162
157
162
143
150
158
142
146
151
162
149
141
149
149
150
151
158
149
148
148
149
148
163
159
148
148
147
146
141
147
152
145
147
145
147
148
163
149
144
150
151
140
152
164
153
145
139
154
155
152
145
158
156
145
144
160
152
152
144
157
157
153
158
159
160
153
145
157
152
165
151
151
160
161
162
151
163
162
143
150
164
163
165
166
167
168
145
168
168
169
167
169
169
170
171
170
139
172
172
173
174
172
175
175
176
173
176
175
177
176
150
177
176
178
176
179
177
176
178
178
179
177
179
179
179
179
180
178
152
179
179
176
181
182
179
176
183
176
184
179
176
168
185
186
184
179
179
179
179
179
187
188
188
179
189
190
190
179
190
190
191
179
179
190
179
179
179
190
190
179
190
179
179
179
190
190
179
179
190
190
179
178
190
191
149
178
179
190
190
190
179
179
190
190
179
179
190
190
179
179
190
179
190
190
190
190
191
190
179
190
178
179
179
190
190
178
190
178
190
179
177
178
177
176
191
190
175
190
190
174
190
173
172
171
190
170
191
191
191
169
191
190
190
168
191
167
166
190
165
190
164
192
163
191
162
192
193
194
162
193
195
161
196
160
197
198
159
199
200
190
201
158
202
157
157
203
156
204
155
205
154
153
206
207
208
152
209
210
151
210
150
149
148
211
212
147
146
213
145
214
144
145
143
215
216
142
141
217
218
140
219
219
143
220
221
139
222
223
138
137
224
225
226
227
228
229
230
231
136
232
135
134
133
233
232
132
131
130
129
128
234
235
236
127
237
126
238
125
124
239
240
241
123
122
242
121
243
244
243
245
120
246
119
247
248
118
117
116
115
114
113
249
250
251
252
112
253
254
255
256
111
257
110
109
258
259
260
261
262
263
264
264
108
265
107
266
267
106
105
