99
98
97
96
95
94
93
92
91
90
89
89
88
88
87
86
85
85
84
83
82
81
80
79
78
78
77
76
75
75
75
75
75
74
74
76
75
74
73
73
72
71
71
71
70
69
68
67
68
67
66
68
66
65
64
65
64
63
65
62
80
61
60
61
60
61
59
59
58
65
80
58
57
57
56
56
55
54
54
56
53
58
55
52
61
52
51
52
50
52
55
60
52
52
50
52
49
60
51
49
48
48
52
74
50
60
52
53
50
47
50
59
55
58
52
47
55
52
49
48
57
46
52
45
44
45
45
54
43
43
42
42
41
59
54
40
39
39
39
51
38
45
39
37
38
43
37
57
37
38
37
37
52
37
57
37
37
52
37
37
36
36
53
37
35
35
54
35
34
34
37
36
34
36
36
36
33
34
38
33
57
33
32
35
35
35
31
35
34
34
31
35
36
35
35
35
35
33
34
36
36
34
37
34
34
34
35
53
34
33
33
33
32
33
34
34
32
33
32
34
32
30
35
35
35
31
35
31
30
36
37
37
32
38
39
40
34
40
32
31
36
32
29
40
40
33
28
40
27
40
31
26
33
40
40
41
30
29
28
27
26
40
40
41
25
40
40
39
24
38
37
38
23
22
36
21
20
19
35
34
18
33
17
16
15
32
31
14
13
30
29
12
12
28
28
30
11
11
27
26
25
10
9
24
23
8
7
22
21
6
5
20
4
19
18
17
16
17
15
3
14
3
2
1
13
12
2
11
1
10
0
1
0
0
0
10
9
0
8
7
0
6
0
0
0
5
0
5
4
3
0
2
4
3
0
1
0
0
1
0
0
0
2
0
0
0
0
0
0
1
1
0
0
0
0
0
0
0
0
0
2
0
0
0
0
1
0
0
0
0
0
0
0
0
0
0
0
0
0
0
1
0
0
0
0
0
0
0
0
0
0
0
1
0
0
0
0
0
0
0
0
0
1
1
0
0
0
0
0
0
0
0
0
0
0
0
0
0
0
0
0
0
0
0
0
1
0
0
0
0
0
0
0
0
0
0
0
0
0
0
0
0
0
0
0
0
0
0
0
1
0
0
0
0
0
0
0
0
0
0
0
0
0
0
0
0
0
0
0
0
0
0
0
0
0
0
0
0
0
0
0
0
1
0
0
0
0
0
0
0
