150
150
150
150
150
150
150
150
150
150
150
150
150
149
150
150
150
151
151
152
152
152
152
151
151
151
152
152
152
152
152
152
152
151
150
153
152
150
153
150
152
152
149
153
149
148
147
147
149
146
146
147
147
152
146
145
146
144
146
144
146
143
146
147
145
146
146
147
146
142
146
145
147
148
149
149
149
149
145
149
144
149
141
140
149
150
151
151
151
150
151
151
152
153
152
143
151
154
151
151
151
150
155
150
151
155
151
151
151
151
156
156
152
157
155
150
153
152
158
152
154
150
152
152
150
158
142
149
142
153
159
153
152
151
150
151
151
154
151
150
152
150
151
153
154
149
149
150
149
148
153
147
155
148
147
153
148
146
148
148
147
148
147
149
147
149
146
146
145
149
150
144
147
156
160
143
147
142
151
148
152
153
153
147
142
141
154
141
140
147
141
161
155
141
146
146
140
140
157
140
147
147
155
139
147
162
147
158
147
147
138
159
137
147
136
136
147
135
148
148
149
159
154
148
148
149
148
148
153
148
148
150
147
149
148
148
148
146
147
147
146
148
149
145
144
143
150
150
142
151
152
153
154
155
141
156
140
139
157
138
137
158
136
135
158
134
159
134
133
133
159
160
161
132
162
163
164
164
165
166
167
131
168
169
169
130
129
170
171
128
171
172
127
126
127
125
172
124
173
123
174
175
122
121
176
170
120
177
178
119
178
179
179
118
117
116
178
179
115
114
179
113
112
111
179
179
110
109
179
179
178
108
179
107
108
106
105
179
105
179
104
105
103
179
103
179
102
102
101
101
179
179
179
100
99
98
97
96
179
95
94
179
93
179
92
91
90
89
88
179
179
179
87
87
86
179
179
85
85
179
84
179
83
179
82
179
179
179
81
80
179
79
179
179
79
78
77
159
179
179
179
179
179
179
179
77
179
76
180
75
74
181
182
183
184
73
185
72
186
187
188
189
188
71
70
69
69
190
190
68
68
67
67
66
190
66
190
65
64
190
190
63
190
62
191
62
190
190
192
62
61
62
60
190
190
59
58
57
190
56
55
190
54
190
53
190
190
52
51
50
190
191
49
191
48
190
190
47
46
190
190
45
190
190
190
46
44
44
190
43
190
190
190
190
42
41
190
40
39
39
191
38
37
190
36
35
34
33
190
32
