99
98
97
96
95
94
93
92
91
90
89
88
87
87
86
85
84
84
83
84
83
82
81
81
80
79
79
78
77
76
75
74
73
73
73
73
72
72
83
71
71
70
71
70
70
70
70
69
69
70
71
68
67
69
67
67
66
67
65
66
64
67
63
64
64
62
61
61
60
67
59
59
59
59
59
58
57
56
58
55
58
54
67
67
53
53
53
52
51
51
50
49
49
49
48
58
48
49
47
46
45
45
49
44
44
48
43
42
41
40
48
49
40
49
47
40
40
39
49
38
40
41
37
36
39
50
58
41
59
36
49
35
35
35
35
34
33
41
32
32
33
31
31
33
33
31
30
30
29
29
32
29
33
28
28
31
27
28
26
25
25
24
24
25
23
24
23
22
23
23
23
23
22
33
49
23
21
23
23
41
23
23
22
20
22
22
23
21
21
19
20
49
23
19
20
19
19
18
33
17
18
17
22
19
16
49
15
33
14
13
19
33
19
12
19
18
11
19
11
10
10
32
22
9
8
9
7
6
21
5
4
10
4
5
3
2
1
4
1
0
0
0
0
0
0
0
0
1
0
0
0
0
0
0
0
0
0
0
0
0
0
0
0
0
1
0
1
1
0
1
0
0
0
0
0
0
0
1
0
0
0
0
0
0
1
0
0
1
1
0
0
0
0
0
1
0
1
0
0
0
0
0
0
0
0
0
0
0
0
0
1
1
0
0
0
0
2
2
0
0
3
0
0
0
4
5
0
0
6
7
7
0
8
0
1
0
0
9
1
10
0
2
0
11
1
12
1
0
1
0
13
14
15
0
0
0
0
0
16
0
0
17
0
18
0
0
0
0
0
19
20
21
0
1
0
22
23
0
1
24
0
25
0
26
0
27
28
29
0
0
30
0
31
32
1
0
0
50
33
34
35
36
37
38
39
1
40
0
40
0
0
40
40
40
40
0
40
0
40
40
40
40
41
0
0
0
1
40
39
1
0
1
0
1
38
0
37
0
0
36
35
0
34
0
34
1
33
32
34
2
0
3
0
31
30
0
0
0
29
0
0
28
0
27
0
26
25
0
0
0
24
24
0
23
0
23
22
0
0
21
20
0
19
18
17
1
0
1
16
0
15
14
13
12
0
0
11
0
0
1
11
0
0
10
0
0
0
0
9
0
