150
150
150
150
150
150
150
150
150
150
150
149
150
150
151
151
152
151
151
150
151
152
151
151
152
149
151
153
151
150
150
150
150
149
150
150
149
150
150
150
150
150
149
151
150
150
149
152
152
150
150
150
150
151
151
152
153
153
151
152
153
150
153
154
155
153
150
152
149
152
148
152
152
151
148
151
152
152
152
152
153
155
156
152
152
152
153
152
153
152
151
157
151
153
150
153
153
153
154
152
152
155
151
152
153
149
153
154
153
153
152
154
148
153
151
150
148
154
150
149
154
153
155
153
150
150
150
149
149
154
154
154
154
149
148
155
156
157
147
156
149
157
158
158
159
158
158
146
158
157
158
146
159
159
159
158
158
145
158
159
160
161
149
149
157
161
145
162
163
144
163
158
158
158
158
157
163
156
155
162
154
163
164
163
163
163
164
163
154
153
162
164
161
160
154
164
164
163
165
166
154
167
168
165
166
165
169
165
154
165
168
165
154
164
165
169
170
154
154
165
165
154
165
154
153
165
164
154
164
164
164
164
165
171
166
166
167
167
167
163
167
162
167
166
154
165
168
164
163
169
162
154
161
160
170
159
171
172
158
157
