99
98
97
96
95
94
93
92
91
90
89
93
88
87
87
86
86
85
84
84
83
84
82
81
81
84
80
84
79
83
79
78
77
77
76
75
75
74
73
72
71
70
72
70
69
68
70
70
69
67
66
65
64
64
63
63
63
62
62
71
61
63
60
60
60
59
62
59
62
58
62
57
56
59
70
58
55
54
53
52
52
59
59
51
50
49
49
48
48
47
47
59
46
47
46
46
45
44
46
44
43
46
43
42
42
46
41
42
40
39
39
41
46
38
39
39
45
38
38
39
44
37
44
36
37
36
35
35
34
36
35
34
33
33
35
34
34
34
35
33
32
33
33
32
32
31
30
35
29
31
28
34
28
27
26
27
26
34
25
25
25
25
31
37
25
26
33
25
25
33
24
24
23
22
21
21
23
21
21
23
21
22
24
21
20
19
20
18
20
21
19
25
19
19
19
18
17
26
17
17
18
17
17
16
16
15
17
14
17
13
16
12
16
15
11
16
16
15
14
10
9
13
8
12
17
7
8
11
7
6
5
4
5
16
5
4
4
3
2
4
1
4
0
0
10
0
0
0
0
0
0
9
0
0
0
0
0
0
0
0
