150
150
150
150
150
150
150
150
150
150
150
150
150
150
150
150
150
150
151
150
149
149
148
147
148
146
148
149
148
147
148
146
148
149
146
148
148
148
148
148
149
148
145
148
148
149
148
149
149
149
150
151
148
147
145
150
148
144
150
150
148
150
151
150
151
151
151
152
151
153
153
153
153
147
153
153
154
155
155
153
152
153
151
155
156
154
153
152
151
153
150
157
153
149
152
153
153
153
153
154
153
154
155
156
153
152
152
152
152
155
153
154
155
156
152
157
158
157
156
156
156
151
156
157
157
157
156
156
156
156
157
152
158
159
159
159
159
159
160
154
161
161
161
160
161
162
163
164
165
166
167
168
167
167
169
169
169
169
167
169
167
169
169
168
169
169
169
169
169
169
169
169
169
169
169
169
169
169
169
169
169
169
169
169
169
169
169
169
170
169
171
169
169
172
173
174
175
169
176
177
178
168
168
169
169
179
180
169
180
180
