99
98
97
96
95
94
93
92
91
90
89
88
87
86
85
84
83
82
82
81
81
80
80
80
79
80
78
82
77
77
76
77
75
75
78
74
73
72
71
70
70
69
77
68
67
74
66
66
65
64
64
64
64
67
78
63
63
77
62
61
62
60
63
59
59
61
58
58
57
58
57
56
55
62
54
53
55
55
54
52
53
51
53
53
55
51
50
50
50
49
50
55
48
50
48
47
46
45
44
48
43
43
43
43
42
42
41
40
39
44
39
39
39
42
38
42
42
41
39
38
44
38
37
37
36
35
35
34
33
32
32
61
32
32
31
30
29
42
29
47
29
28
27
27
26
27
27
27
27
27
27
27
26
25
27
26
28
29
24
25
23
30
31
23
32
23
33
22
34
35
21
36
20
37
38
19
18
17
16
24
39
15
14
13
40
12
11
10
40
9
40
8
7
40
40
40
40
6
40
40
40
6
5
5
4
40
40
3
39
38
