150
150
150
150
150
150
150
150
150
150
150
151
149
150
149
149
149
151
150
151
150
150
150
151
150
150
150
149
149
151
148
147
146
149
145
149
145
151
149
150
151
152
149
153
150
154
152
144
149
150
144
144
143
150
151
143
155
154
155
150
150
149
149
150
148
147
151
142
143
156
147
142
141
152
153
154
155
146
156
154
157
157
151
147
157
148
147
157
157
158
159
147
157
146
147
148
156
155
157
159
158
140
151
146
159
159
145
144
160
145
161
157
162
163
145
163
164
163
164
165
165
144
166
166
145
167
168
167
169
170
169
169
169
171
169
169
144
145
145
172
146
169
170
169
169
145
170
169
171
171
144
168
140
147
168
172
173
168
169
172
139
170
172
172
174
143
174
174
174
175
170
170
170
174
170
171
175
171
170
170
170
171
176
171
170
171
172
172
173
174
173
174
170
173
177
174
169
175
174
176
178
179
177
178
144
178
178
179
179
179
177
178
179
179
179
179
179
180
181
182
183
179
179
179
179
184
179
185
179
178
186
187
188
189
179
179
190
179
179
179
179
190
190
190
179
179
190
190
190
191
190
179
179
179
179
179
190
190
178
178
179
190
179
190
190
190
190
179
190
179
190
179
179
190
190
190
179
190
190
190
190
190
190
179
190
191
179
190
191
190
179
179
178
178
190
178
190
178
190
190
179
177
190
179
190
190
190
176
175
190
190
174
179
173
172
171
190
170
169
190
191
168
167
166
165
192
164
193
163
194
162
161
160
195
196
197
198
159
158
157
156
199
155
200
157
154
201
153
152
151
150
149
202
150
149
148
147
146
145
203
203
144
204
143
205
142
141
206
207
208
142
209
141
210
140
140
139
138
139
211
212
137
136
213
214
215
216
217
218
135
134
133
219
132
220
221
131
222
223
224
225
225
226
130
227
228
129
229
228
128
127
230
230
231
126
125
124
232
124
123
233
122
233
234
121
234
235
236
236
237
238
239
239
120
240
241
119
242
235
118
243
244
245
117
246
247
116
248
247
249
115
250
251
252
253
114
254
255
239
113
256
257
112
255
111
110
109
108
108
107
106
258
258
105
104
103
102
259
260
101
261
262
263
100
264
99
265
266
98
97
267
268
96
269
95
94
93
270
271
92
91
272
90
273
89
88
87
274
275
276
