99
98
97
96
95
94
93
92
91
90
89
91
89
88
88
87
86
88
86
86
85
84
83
83
82
81
80
80
79
80
79
79
79
78
79
77
78
85
76
76
76
76
75
76
75
76
75
78
74
74
77
76
76
73
74
75
76
75
77
72
71
71
70
70
70
70
70
76
74
77
69
74
76
70
70
70
70
69
70
69
70
69
69
68
68
69
67
67
66
67
67
66
65
66
65
65
67
67
64
66
64
76
68
65
64
68
65
65
64
64
64
63
64
64
63
63
63
62
62
63
62
66
62
61
62
62
62
61
62
62
61
60
59
62
58
57
64
61
60
62
60
56
57
55
54
59
54
53
61
54
59
53
75
60
52
54
54
51
51
53
76
51
63
52
54
59
53
52
51
51
50
49
48
50
47
47
52
46
46
45
44
45
52
44
43
43
45
43
43
43
42
42
42
41
52
41
42
41
40
41
52
52
41
41
58
40
39
39
38
37
39
42
36
35
34
33
40
40
40
40
40
32
31
30
29
40
28
40
27
28
40
40
40
40
26
25
40
24
23
22
21
39
38
37
20
19
36
35
34
34
33
18
17
16
15
14
32
31
14
13
13
30
12
29
28
27
26
11
25
10
24
9
8
23
22
21
7
20
19
18
17
16
15
6
14
14
5
13
13
12
4
3
3
2
11
1
10
0
9
8
0
0
7
1
6
5
4
0
0
3
2
0
2
0
0
0
1
0
0
0
0
0
0
0
0
0
0
0
0
0
0
0
0
0
0
0
0
0
0
0
0
0
0
0
1
0
0
0
0
0
0
0
0
1
1
0
0
0
0
0
1
0
0
0
0
0
0
0
0
0
1
0
1
0
0
1
0
0
1
0
0
0
0
0
0
0
0
0
0
0
0
0
0
0
0
0
0
0
0
0
0
1
0
0
0
0
0
0
1
0
0
0
1
0
0
0
0
0
1
0
0
0
1
1
0
0
1
1
0
0
0
0
1
0
0
0
0
0
0
0
0
0
0
0
0
0
0
0
1
0
0
0
0
0
0
0
0
0
2
0
0
0
0
1
0
0
0
0
1
0
0
0
1
0
0
0
0
0
0
0
0
0
0
0
0
0
0
0
0
0
0
0
0
0
0
0
0
0
0
0
0
0
0
0
0
0
0
0
0
0
