150
150
150
150
150
150
150
150
150
150
150
149
150
151
150
152
150
149
149
148
149
149
149
150
150
150
150
151
151
149
149
152
149
147
148
148
147
153
146
146
145
144
145
144
145
154
145
145
146
147
144
144
144
144
145
145
143
145
155
145
145
146
146
147
146
142
141
146
145
146
146
145
148
144
146
145
147
147
146
144
144
143
143
147
147
147
147
147
146
145
147
147
147
148
146
144
149
148
148
145
148
148
148
149
148
148
143
148
142
147
146
149
146
146
145
146
146
146
146
146
146
145
144
144
144
143
144
145
143
144
146
147
142
147
144
147
147
143
144
146
150
151
146
147
146
146
145
141
147
148
141
144
140
139
146
144
148
144
148
144
148
148
148
144
143
149
138
148
149
148
150
150
144
148
137
136
144
151
148
149
149
135
150
149
144
136
148
152
151
148
147
153
154
147
149
155
149
150
147
134
150
146
146
145
150
144
133
146
146
132
145
146
146
146
146
146
145
146
146
146
146
146
147
147
148
145
145
144
146
143
144
143
149
142
150
151
151
152
141
142
140
140
152
153
153
139
154
141
138
154
153
155
156
137
157
136
152
135
134
133
