99
98
97
96
95
94
93
92
91
90
89
89
88
88
87
88
86
86
85
86
84
83
82
82
81
80
79
79
78
79
78
79
77
86
78
77
77
79
77
76
76
76
75
77
74
79
73
72
72
72
72
71
70
69
69
68
69
67
79
66
65
65
64
64
63
69
69
62
62
61
60
60
72
62
59
59
59
58
58
59
58
62
61
57
56
55
54
53
53
53
52
51
50
50
52
53
50
57
49
52
48
47
46
46
45
44
53
43
53
43
43
43
42
41
42
40
39
38
37
36
35
35
35
34
33
33
32
32
32
31
32
32
33
31
30
30
29
31
42
29
43
43
28
47
27
26
26
33
26
30
32
26
32
32
25
25
26
24
25
23
24
23
22
22
23
22
32
31
31
21
22
31
21
20
32
32
20
22
19
19
18
32
18
17
19
31
17
22
18
16
16
22
22
15
16
22
15
15
14
32
14
14
13
13
13
13
32
12
11
32
12
10
9
8
7
6
7
5
4
3
2
1
1
0
0
1
0
1
0
1
0
0
0
1
0
0
1
1
1
0
1
0
2
2
1
0
1
0
0
0
0
0
0
0
0
0
0
0
0
0
